xxxBook
xxx1
xxxPD
xxxOS
xxxSubject
xxxHitchhikers
xxxGuide
324859
320688
xxxGalaxy
xxxenglisch
xxxDouglas
xxxAdams
xxxThe
xxxHitch
xxxHiker
275971
xxxGuide
324859
320688
xxxGalaxy
xxxDouglas
xxxAdams
xxxThe
xxxHitch
xxxHiker
275971
xxxGuide
324859
320688
xxxGalaxy
xxxDouglas
xxxAdams
xxxThe
xxxRestaurant
22374
320688
xxxEnd
211535
320688
xxxUniverse
xxxDouglas
xxxAdams
xxxLife
320688
xxxUniverse
12287
xxxEverything
xxxDouglas
xxxAdams
xxxSo
174883
12287
320616
116301
8524
320688
113316
xxxThe
xxxHitch
xxxHiker
275971
xxxGuide
324859
320688
xxxGalaxy
116301
xxxJonny
xxxBrock
12287
xxxClare
xxxGorst
12287
8524
215836
xxxArlingtonians
116301
317408
290940
12287
1
296324
xxxFar
216108
149313
320688
336760
26013
211535
320688
342019
99559
211535
320688
364243
300025
19864
211535
320688
xxxGalaxy
171869
1
294676
349348
146793
311020
xxxOrbiting
322214
22374
1
89691
211535
274799
200197
333490
187421
187145
158524
11450
356248
153619
173876
36692
129512
238917
365391
16701
82402
171890
117488
19299
295959
9907
250546
320636
320831
304508
321894
85442
363063
19299
1
250049
197626
146298
xxxThis
238917
134060
213904
261011
131915
1
251071
364726
362855
322214
193889
211535
320688
230162
212644
159424
364164
343493
116301
250049
194510
211535
320688
323743
xxxMany
296906
364164
310240
116301
322214
251071
43552
193889
211535
321591
364164
168499
65185
366578
320688
194394
211535
294676
129512
236172
211535
225148
364726
158524
211197
29782
212644
320688
365281
159424
362947
314732
320688
294676
129512
236172
211535
225148
320636
364164
343493
xxxAnd
295959
320688
251071
267099
175396
211535
320688
230162
364164
181735
12287
193889
211535
320885
364164
189232
106079
320688
212761
366578
85442
363063
xxxMany
364164
150440
211535
320688
213551
320636
320831
75937
8524
177185
1
33682
190185
149313
63840
92197
119298
320688
328793
149313
320688
113286
238538
xxxAnd
297029
276750
320636
106079
320688
328793
131915
30355
1
26160
194383
12287
320636
200529
212715
288990
106143
134390
169983
320688
210798
xxxAnd
320903
212715
xxxThursday
197611
333490
322486
146735
5617
212715
178862
131915
30355
196576
324859
1
328765
116301
276770
144540
129442
159424
367741
29347
324859
29347
199579
324859
230162
116301
1
52472
212715
125519
292657
212644
136846
222072
149313
1
294676
44468
149313
xxxRickmansworth
310024
261755
364443
159424
362855
320636
131915
30355
127453
368087
8524
322214
323743
12287
287675
112856
165520
144540
320688
367562
70513
29347
177185
1
127869
12287
133513
238538
xxxThis
323743
159424
362855
272806
159424
367741
367464
12287
200529
212715
367741
134390
324859
124419
196576
324859
13372
xxxSadly
144555
30512
287675
70513
124419
324859
1
234654
324859
318353
13246
757
159424
1
319566
306949
49404
210756
12287
320688
146298
362855
175361
117124
xxxThis
158524
208798
136846
305408
xxxBut
159424
158524
320688
305408
211535
320636
319563
306949
49404
12287
297029
211535
159590
66748
xxxIt
158524
9418
320688
305408
211535
1
38041
1
38041
45267
xxxThe
xxxHitch
xxxHiker
275971
xxxGuide
324859
320688
xxxGalaxy
208798
11450
xxxEarth
38041
199350
255935
212644
xxxEarth
12287
353016
320688
319563
49404
210756
199350
283146
213904
134796
211535
33135
13088
xxxEarthman
xxxNevertheless
1
365310
267147
38041
149313
109031
159424
362855
251013
320688
193889
267147
38041
106143
324859
63723
216108
211535
320688
129442
255941
144473
211535
xxxUrsa
xxxMinor
211535
364726
200529
xxxEarthman
131915
106143
134796
96575
xxxNot
212848
158524
159424
1
365310
267147
38041
159424
158524
9418
1
139278
309811
212715
193383
243299
320562
320688
xxxCelestial
xxxHome
xxxCare
xxxOmnibus
32832
283589
320562
xxxFifty
xxxMore
xxxThings
324859
90528
149313
xxxZero
xxxGravity
12287
193383
67819
320562
xxxOolon
xxxColluphid
275971
330005
211535
233938
36362
xxxWhere
xxxGod
xxxWent
xxxWrong
xxxSome
xxxMore
211535
xxxGod
275971
xxxGreatest
xxxMistakes
12287
xxxWho
158524
322214
xxxGod
xxxPerson
xxxAnyway
xxxIn
179225
211535
320688
193383
266790
58941
212644
320688
xxxOuter
xxxEastern
xxxRim
211535
320688
xxxGalaxy
320688
xxxHitch
xxxHiker
275971
xxxGuide
134060
9399
312951
320688
129442
xxxEncyclopedia
xxxGalactica
20839
320688
302654
268412
211535
8524
165721
12287
366407
116301
322465
159424
134060
179225
212440
12287
67272
194510
320636
158524
17148
213904
22374
169698
365718
149335
159424
281275
218092
320688
212007
193383
228836
367464
149313
333490
148877
269714
xxxFirst
159424
158524
294074
53266
12287
282772
159424
134060
320688
367452
xxxDon
314732
xxxPanic
153429
149313
168493
118952
170940
212644
159590
71478
xxxBut
320688
305408
211535
322214
319563
306949
xxxThursday
320688
305408
211535
159590
108565
66748
12287
320688
305408
211535
144540
321591
66748
19299
151768
156109
366578
322214
267147
38041
30644
358510
291075
xxxIt
30644
366578
1
144380
xxxChapter
xxx1
xxxThe
144380
305280
212644
1
294061
273227
162503
212644
320688
95701
211535
320688
359706
xxxIt
305280
212644
159590
222072
12287
175064
218092
1
41043
301214
211535
xxxWest
xxxCountry
109993
xxxNot
1
267147
144380
33135
13088
181770
159424
362855
757
322206
146735
212002
301807
301751
177185
211535
40584
12287
131915
117964
366013
286614
149313
320688
119330
211535
1
292760
12287
252766
364726
193383
213904
170842
106394
109251
324859
239622
320688
96351
xxxThe
212848
231951
116301
365311
320688
144380
362855
149313
13088
361942
298740
362855
xxxArthur
xxxDent
12287
320636
362855
212848
29782
159424
133507
324859
29347
320688
212715
134574
173937
149313
xxxHe
131915
173937
149313
159424
116301
757
322605
146735
106143
291358
134574
131915
194389
216108
211535
xxxLondon
29782
159424
177185
139537
198769
12287
158473
xxxHe
362855
757
322206
20839
364007
76943
132402
12287
199350
259028
22374
94887
366578
139642
xxxThe
321866
320636
355958
324859
367632
139537
193889
362855
320688
109031
320636
230162
9712
355958
324859
21296
139537
364443
134574
362855
175069
295959
367636
757
xxxHe
367489
149313
174264
259607
364726
134574
9712
355958
324859
318353
141668
118960
362855
1
175365
193383
154898
320562
320831
251013
322466
xxxIt
362855
325682
193889
211535
141668
118960
367489
149313
4676
xxxIt
xxxhadn
314732
252598
265672
366578
xxxArthur
320636
320688
70562
362464
324859
165629
92197
141668
144380
12287
42366
11450
34633
153876
xxxAt
96480
209854
60272
212644
xxxThursday
193499
xxxArthur
85094
314732
110884
358510
127869
xxxHe
366879
354453
35976
128258
354453
362359
35976
274842
141668
274247
213231
1
365997
279146
1
42524
117916
141668
294193
12287
305175
211539
324859
320688
29004
324859
362866
xxxToothpaste
212644
320688
41797
295959
xxxScrub
xxxShaving
188519
241343
22374
320688
50412
xxxHe
4070
159424
xxxFor
1
191630
159424
265113
1
282753
42524
322837
320688
29004
365997
xxxProperly
4070
159424
265113
xxxArthur
xxxDent
275971
40970
xxxHe
287629
320885
211539
362886
93043
12287
305175
211539
324859
320688
165168
324859
112884
297061
239611
324859
257261
149313
141668
194337
xxxKettle
240340
118937
187221
62138
xxxYawn
xxxThe
367404
42524
362359
322837
141668
187702
116301
1
191630
149313
282535
211535
297061
324859
66495
366578
xxxThe
42524
217444
320688
165168
365997
362855
259028
1
33682
212715
xxxHe
302880
22374
159424
xxxYellow
134574
322466
12287
305175
211539
25707
324859
141668
30199
324859
124419
92980
xxxPassing
320688
29004
134574
305351
324859
93119
1
168493
125960
211535
363101
12287
13901
xxxHe
30576
324859
313715
320636
134574
362855
145134
218092
xxxWhy
362855
134574
145134
218092
xxxHad
134574
30355
93129
320688
199909
30512
xxxHe
313046
320636
134574
196148
134390
30355
xxxHe
49947
1
126354
149313
320688
287648
188519
xxxYellow
134574
322466
12287
305175
212644
324859
320688
30199
xxxHe
305280
12287
322466
xxxThe
255882
134574
322466
xxxOh
77604
320688
255882
xxxHe
356570
267236
30879
12943
12943
757
297061
320636
283131
148877
xxxHe
75937
30355
318371
230162
757
159424
318371
230162
757
159424
22374
129442
170406
134574
261011
313717
141668
59656
360470
263106
362855
211535
126056
175072
212644
215836
230162
275971
108955
xxxSomething
757
1
199367
34633
134574
131915
162503
117916
216108
757
xxxIt
131915
30355
149313
320688
237417
116301
192914
212848
200529
212715
283131
324859
134390
165730
757
159424
xxxRidiculous
xxxHe
325686
1
314408
211535
363101
xxxIt
367741
297676
159591
216108
134574
75937
78312
200529
212715
362464
1
34633
320688
70562
85094
314732
134390
1
170004
324859
302652
212644
xxxIt
367741
297676
159591
216108
xxxGod
364443
1
319563
133361
159424
131915
94767
139537
322465
xxxHe
175064
22374
139642
149313
320688
362578
188519
xxxHe
306763
216108
141668
325540
xxxYellow
134574
322466
xxxThe
367404
146793
362359
322837
141668
187702
149313
282535
211535
297061
324859
66495
366578
xxxFifteen
282777
168843
134574
362855
216108
211535
320688
144380
12287
172164
149313
119330
211535
1
33682
146793
42524
320636
362855
4570
354453
141668
122096
227679
xxxMr
xxxL
xxxProsser
362855
20839
320831
276740
212848
144841
xxxIn
215836
367452
134574
362855
1
47496
28499
171890
117338
82402
119298
11450
16701
xxxMore
298781
134574
362855
117667
110227
12287
286999
12287
367489
116301
320688
174264
70562
xxxCuriously
100831
322465
134574
85094
314732
165702
159424
134574
362855
9418
1
86756
178348
172722
82400
211535
xxxGenghis
xxxKhan
322465
156160
123494
12287
259409
190717
131915
295959
162146
141668
123515
320636
134574
131915
200529
87278
xxxMongoloid
52732
12287
320688
212848
359080
169983
149313
xxxMr
xxxL
xxxProsser
211535
141668
187007
12154
364164
1
252437
305529
757
320688
332256
12287
1
246961
116301
173876
120324
134255
xxxHe
362855
33135
200529
181770
1
129442
362792
149313
109031
134574
362855
1
198769
367636
178862
xxxToday
134574
362855
227056
198769
12287
367636
29782
297061
131915
127706
286135
368087
366578
141668
161424
364726
362855
324859
283054
320636
xxxArthur
xxxDent
275971
144380
128258
59652
216108
211535
320688
361942
30512
320688
76258
362855
216108
xxxCome
211539
159424
xxxMr
xxxDent
134574
276750
157723
45966
314732
365873
157723
165702
xxxYou
45966
314732
171801
149313
119330
211535
320688
42524
150729
xxxHe
329691
324859
178090
141668
96429
35918
112372
43552
320831
162503
367744
314732
90528
159424
xxxArthur
167368
149313
320688
194647
12287
301897
22374
139537
xxxI
176591
121666
134574
276750
363447
174043
283054
365274
275903
113286
xxxI
176591
5573
157723
261391
127453
324859
134390
324859
1470
159424
276750
xxxMr
xxxProsser
130007
141668
120324
134163
12287
273975
159424
274842
320688
325807
211535
141668
134575
322214
34633
134060
128258
324859
29347
42378
12287
159424
275971
127453
324859
29347
42378
xxxFirst
xxxI
xxxve
134796
211535
159424
276750
xxxArthur
364724
275971
159424
127453
324859
29347
42378
xxxMr
xxxProsser
288766
141668
112940
22374
139537
116301
1
35158
320903
305351
12287
257261
159424
24925
5829
xxxWhat
90528
157723
181735
364724
275971
159424
128258
324859
29347
42378
134574
276750
xxxIt
275971
1
34633
xxxYou
xxxve
128258
324859
42366
34636
xxxBypasses
19299
83544
364726
9008
297029
230162
324859
93179
119298
241315
xxxA
324859
241315
xxxB
358510
110179
364816
215836
230162
77065
119298
241315
xxxB
324859
241315
xxxA
358510
110179
xxxPeople
174005
22374
241315
xxxC
30879
1
241315
86780
149313
32868
19299
211701
125699
324859
367025
364443
275971
295959
129442
757
241315
xxxA
320636
295959
179225
230162
211535
241315
xxxB
19299
295959
163568
324859
124419
321213
12287
364443
275971
295959
129442
757
241315
xxxB
320636
295959
179225
230162
211535
241315
xxxA
19299
295959
163568
324859
124419
321213
xxxThey
211701
366453
320636
230162
367741
162503
212661
12287
116301
8524
367464
216108
364650
320688
135648
320831
362464
324859
29347
xxxMr
xxxProsser
362464
324859
29347
22374
241315
xxxD
xxxPoint
xxxD
362947
314732
13384
149313
227038
159424
362855
162503
13088
67957
241315
1
358510
174883
361942
119298
241356
xxxA
xxxB
12287
xxxC
xxxHe
367741
134390
1
199579
173876
70407
22374
241315
xxxD
366578
25090
218092
320688
91536
12287
299144
1
239611
10976
211535
323743
22374
241315
xxxE
364726
367741
29347
320688
197608
255882
324859
241315
xxxD
xxxHis
365587
211535
71317
362464
59996
274501
43552
134574
362464
25090
xxxHe
85094
314732
165702
364724
134574
162503
172176
25090
xxxHe
115521
144294
338797
320688
82088
129956
211535
320688
42524
93204
xxxHe
288215
141668
363892
119298
116131
324859
116131
43552
159424
362855
103177
337271
212644
94673
xxxObviously
297030
131915
30355
17543
150113
12287
134574
143675
324859
xxxGod
159424
362947
314732
139537
xxxMr
xxxProsser
276750
xxxYou
364164
259028
101463
324859
178090
13088
310255
213904
253514
22374
320688
18000
323743
157723
165702
xxxAppropriate
323743
143650
xxxArthur
xxxAppropriate
323743
xxxThe
113286
xxxI
165520
757
159424
362855
364633
1
367520
20279
22374
185619
142751
146935
xxxI
21305
139537
146980
134574
75937
63723
324859
59615
320688
366013
12287
134574
276750
200529
134574
75937
63723
324859
80765
320688
144380
xxxHe
85094
314732
318353
181664
305646
24925
211535
71317
xxxOh
200529
xxxFirst
134574
366314
1
71264
211535
366013
12287
52805
181664
1
113583
xxxThen
134574
325238
181664
xxxBut
xxxMr
xxxDent
320688
239066
134390
30355
24571
149313
320688
174264
239030
211603
116301
320688
168771
200176
192909
xxxOh
146918
364007
20839
297339
20839
xxxI
134796
xxxI
364155
305646
274842
324859
283054
320885
146935
5725
xxxYou
xxxhadn
314732
106394
127706
216108
211535
157754
361942
324859
45248
23028
324859
320885
131915
157723
xxxI
181735
172172
3300
318371
13090
213904
13372
xxxBut
320688
239066
364164
212644
89051
xxxOn
89051
xxxI
106133
131915
324859
127161
92197
324859
320688
50551
324859
112884
320885
xxxThat
275971
320688
89051
81505
xxxWith
1
326048
xxxAh
364007
320688
172071
131915
251013
127706
xxxSo
131915
320688
302443
xxxBut
175060
157723
117916
320688
208919
85094
314732
157723
xxxYes
276750
xxxArthur
146918
xxxI
85015
xxxIt
362855
212644
89051
149313
320688
38822
211535
1
174356
112660
43937
306763
149313
1
90028
169281
366578
1
290081
212644
320688
91536
276770
xxxBeware
211535
320688
xxxLeopard
xxxA
60535
227290
219676
xxxIt
49023
1
287079
218092
xxxArthur
xxxDent
20839
134574
167368
252820
354453
212644
141668
96808
149313
320688
62660
194647
xxxIt
49023
1
287079
218092
xxxArthur
xxxDent
275971
144380
xxxMr
xxxProsser
119491
22374
159424
xxxIt
275971
208798
20839
146980
159424
275971
1
227056
199579
144380
134574
276750
xxxI
176591
297653
43552
xxxI
133505
324859
172172
159424
xxxYou
174043
172172
320688
34633
xxxOh
289397
354453
276750
xxxArthur
xxxDent
xxxShut
354453
12287
127161
24925
12287
315488
157754
36440
34633
366578
157723
xxxYou
134397
314732
128258
1
170004
324859
302652
212644
12287
157723
165702
159424
xxxMr
xxxProsser
275971
194337
213231
12287
60438
1
71264
211535
323782
364793
141668
187702
362855
116301
1
191630
112691
366578
151717
43552
319566
23151
360418
211535
xxxArthur
xxxDent
275971
144380
30879
67192
366578
113100
12287
xxxArthur
139642
275678
281676
119298
320688
35924
275433
366578
22374
169698
322605
135312
298731
253954
119298
141668
25707
xxxMr
xxxProsser
362855
211701
38719
366578
360418
172172
321591
12287
320831
177185
139537
110884
358510
198769
xxxHe
307012
116301
1
191630
12287
320903
256257
139642
325092
xxxMr
xxxDent
134574
276750
xxxHello
xxxYes
276750
xxxArthur
xxxSome
109093
152216
116301
157723
xxxHave
157723
13088
146298
144540
194510
76499
320636
42524
367741
310091
146980
xxxI
162503
170875
159424
273944
305646
218092
157723
xxxHow
194510
276750
xxxArthur
xxxNone
22374
8524
276750
xxxMr
xxxProsser
12287
305454
198770
211539
367038
364724
141668
39726
362855
112691
366578
1
322486
132408
144053
8524
289010
22374
139537
xxxBy
1
75327
62481
xxxNone
22374
8524
158524
106394
144540
194510
313760
320688
16701
82400
xxxArthur
xxxDent
131915
320636
212715
211535
141668
60459
118960
362855
208798
82402
119298
11450
16701
43552
362855
149313
109031
119298
1
294676
238917
149313
320688
359408
211535
xxxBetelgeuse
12287
208798
119298
xxxGuildford
20839
134574
356046
59072
xxxArthur
xxxDent
131915
199350
106143
313717
322214
xxxThis
118947
211535
141668
131915
113286
20279
212644
320688
238917
297029
112400
xxxEarth
146735
250212
12287
134574
131915
367489
133614
324859
36032
139642
156343
xxxEarth
296137
366578
159424
196148
29347
276750
297029
309809
xxxFor
153841
134574
131915
299163
322462
112400
146735
249877
324859
29347
11450
216108
211535
367464
3274
364726
362855
239578
100831
xxxHe
131915
177185
212715
47934
36827
322465
29782
134574
131915
293230
1
35158
212644
141668
248749
269100
xxxThe
152216
134574
131915
122755
131915
169883
139537
324859
55663
320688
196686
xxxFord
xxxPrefect
20839
30879
199581
150281
xxxHe
362855
208798
66972
315659
141668
110714
364164
306314
43552
208798
66972
133283
xxxHis
132366
362855
366387
12287
xxxgingerish
12287
41805
26005
119298
320688
318565
xxxHis
293240
283131
324859
29347
256257
26005
119298
320688
208675
xxxThere
362855
297061
358510
294074
211197
757
139537
43552
159424
362855
85308
324859
276740
364443
159424
362855
xxxPerhaps
159424
362855
320636
141668
96429
85094
314732
36250
211701
100831
12287
364633
157723
315643
324859
139537
116301
13088
170406
211535
323743
157754
96429
30576
157328
324859
363101
212644
141668
30764
xxxPerhaps
159424
362855
320636
134574
294877
294074
325682
41075
12287
122900
230162
320688
346850
149068
320636
134574
362855
757
324859
127161
116301
320842
197736
xxxHe
306614
193889
211535
320688
118960
134574
131915
177185
212644
xxxEarth
20839
11450
95098
43552
1
133826
212715
11450
350146
38291
366578
297029
211203
131798
xxxFor
153841
134574
367741
211701
xxxgatecrash
345143
227063
124419
26218
93580
12287
302955
178120
120110
211535
13088
22325
134574
70513
112884
323590
134574
128258
322863
216108
xxxSometimes
134574
367741
124419
283364
366578
211207
89868
193000
12287
302879
156343
320688
293055
20839
146980
140752
353016
297038
21305
139537
364443
134574
362855
91031
xxxThen
134574
367741
302955
131106
116301
1
191630
266782
12287
129922
xxxOh
162503
175069
116301
114606
278904
134574
367741
161668
12287
106169
367741
169119
12287
21296
139537
364443
297676
211535
114606
278904
134574
362855
175069
116301
xxxGreen
212761
134574
367741
268301
366578
1
365446
129922
169119
365718
116301
1
191630
12287
320903
310024
176212
116301
320688
197608
27660
12287
42355
11450
100821
274842
211535
93132
xxxEvenings
172172
322214
356046
99636
26218
xxxFord
367741
124419
216108
211535
141668
293492
212644
365044
144682
156343
1
69266
366578
297029
125519
12287
107802
324859
136846
149313
294620
235516
320636
143395
320688
63404
211535
320688
114606
278904
85094
314732
181309
320636
194510
261766
xxxThereafter
302333
283696
225704
92197
320688
199909
306026
134574
367741
211701
21296
227328
241689
146980
320831
165520
320688
361942
324859
xxxBetelgeuse
xxxThe
241689
367741
356046
276740
297061
172172
xxxDon
314732
157723
321894
159424
275971
757
323743
157723
364155
211539
142751
292308
xxxI
176591
329909
324859
25505
xxxI
176591
329909
324859
158524
364443
xxxFord
157039
268318
212644
321591
210658
xxxIn
109031
364443
134574
362855
261766
175069
216108
116301
364633
134574
302880
89869
156343
320688
199909
293055
362855
13088
164752
211535
114606
278895
22374
8524
xxxThe
262021
134574
276750
129512
362855
320636
129512
362855
320688
327270
298142
173964
211535
320688
xxxBetelgeuse
327267
281468
xxxFord
xxxPrefect
362855
82815
320636
13088
114606
278895
22374
8524
367741
20278
297339
29782
112400
146735
362855
1
174883
323743
324859
124419
305746
13384
227056
297074
20839
xxxmindboggingly
93988
20839
320688
xxxEarth
xxxFord
366458
320636
1
114606
278895
367741
20278
297339
29782
134574
165520
144540
324859
113704
114606
278904
92197
12287
124419
171962
119298
320885
xxxHe
165520
144540
324859
283054
320688
xxxMarvels
211535
320688
xxxUniverse
116301
170842
320562
322206
xxxAltairan
91146
1
76258
xxxIn
109031
xxxFord
xxxPrefect
362855
1
274989
269103
116301
320636
365310
267147
38041
xxxThe
xxxHitch
xxxHiker
275971
xxxGuide
324859
320688
xxxGalaxy
xxxHuman
30882
19299
129442
3482
12287
33135
176197
171890
149313
320688
101840
211535
xxxArthur
275971
144380
131915
286683
156343
1
303233
274959
xxxIt
362855
xxxArthur
275971
1482
273937
324859
171801
301906
149313
320688
194647
178120
210644
80360
324859
283054
141668
169348
141668
193933
213904
1
127869
38041
159424
362855
xxxMr
xxxProsser
275971
1482
273937
324859
315088
xxxArthur
366578
320688
210644
199367
240177
309933
20839
320688
xxxFor
320688
xxxPublic
xxxGood
315636
320688
xxxMarch
211535
xxxProgress
315636
320688
xxxThey
xxxKnocked
xxxMy
xxxHouse
xxxDown
xxxOnce
xxxYou
xxxKnow
xxxNever
xxxLooked
xxxBack
315636
12287
357285
215836
44654
12287
322603
12287
159424
362855
320688
42524
93204
1482
273937
324859
292603
20106
93129
62138
12287
107738
366578
344897
265889
324859
283054
144540
320831
70513
332788
320688
292666
324859
320842
112862
4573
xxxThe
xxxEarth
194389
294467
149313
159590
90179
71317
xxxThe
311020
362855
30642
324859
93006
216108
320688
194647
xxxArthur
167368
149313
xxxA
287079
194389
3038
139537
5829
xxxHello
xxxArthur
276750
320688
287079
xxxArthur
175064
354453
12287
302000
156343
320688
311020
362855
302968
324859
283054
xxxFord
xxxPrefect
302688
759
139537
xxxFord
xxxHello
144540
19299
157723
xxxFine
276750
xxxFord
175060
19299
157723
43466
xxxAm
xxxI
43466
106733
xxxArthur
xxxWell
xxxI
xxxve
162503
128258
8524
321591
42525
12287
321882
324859
171801
149313
119330
211535
29782
320831
174043
165629
185619
144380
92197
146980
xxxI
91365
314732
43552
215836
320562
320636
364007
200529
208798
104403
364724
xxxThey
91365
314732
134390
278299
212644
xxxBetelgeuse
12287
xxxFord
xxxPrefect
211701
109251
324859
208919
159424
345544
134574
362855
65132
xxxHe
276750
xxxGood
158524
321213
13384
363447
45966
315636
xxxWhat
276750
xxxArthur
xxxDent
xxxFor
1
111900
282777
xxxFord
283131
324859
147087
139537
12287
302880
113607
156343
320688
293055
172172
1
259237
329909
324859
124419
275612
218092
33135
1
47252
xxxThen
310024
134574
301790
92197
32355
xxxArthur
xxxWe
xxxve
128258
324859
315636
134574
276750
355616
xxxFine
276750
xxxArthur
315636
xxxAnd
93119
276750
xxxFord
xxxIt
275971
360523
148877
320636
363447
315636
12287
93119
xxxNow
xxxWe
174043
127161
324859
320688
255882
149313
320688
359706
xxxHe
175064
156343
320688
293055
5829
198769
107604
xxxLook
91365
314732
157723
339884
289006
xxxArthur
xxxHe
241321
22374
xxxProsser
xxxThat
178862
362489
324859
165629
185619
144380
92197
xxxFord
125901
22374
139537
257369
xxxWell
134574
45966
90528
159424
364793
157723
261391
24925
45966
314732
134574
134574
21305
xxxBut
xxxI
91365
314732
362461
139537
324859
xxxAh
xxxLook
364443
275971
320688
181309
366578
157723
xxxFord
276750
xxxArthur
xxxNothing
xxxNothing
275971
320688
181309
xxxListen
324859
181664
xxxI
xxxve
128258
324859
318353
157723
320688
193889
148877
321866
157723
xxxve
106143
134796
xxxI
xxxve
128258
324859
318353
157723
209199
12287
xxxI
xxxve
128258
324859
318353
157723
149313
320688
277181
27660
211535
320688
xxxHorse
12287
xxxGroom
xxxBut
364724
xxxBecause
157723
19299
127453
324859
197910
1
358510
304352
93119
xxxFord
302880
22374
xxxArthur
12287
xxxArthur
362855
22143
324859
112884
320636
141668
365764
362855
30642
324859
363451
xxxHe
85094
314732
261754
320636
322214
362855
29782
211535
11450
212002
93129
121666
320636
xxxFord
169661
324859
238701
149313
320688
140516
243730
320636
286431
320688
xxxmadranite
187903
31319
149313
320688
302841
292520
211535
xxxOrion
xxxBeta
xxxThe
121666
362855
208798
345616
320688
xxxEarth
121666
45267
xxxIndian
xxxWrestling
12287
362855
238739
172172
322214
xxxTwo
67409
367741
292603
96575
289721
211535
1
314823
366578
1
125960
149313
119330
211535
94673
211535
320885
xxxBetween
320885
367741
29347
238544
1
38799
211535
xxxJanx
xxxSpirit
20839
148086
149313
320636
12223
xxxOrion
187903
297195
xxxOh
91365
314732
125692
181664
203318
193383
211535
320636
xxxOld
xxxJanx
xxxSpirit
xxxNo
91365
314732
157723
125692
181664
203318
193383
211535
320636
xxxOld
xxxJanx
xxxSpirit
xxxFor
185619
134575
365764
114525
185619
325540
365764
171801
185619
96429
365764
118875
12287
xxxI
177739
85121
xxxWon
314732
157723
244929
181664
212715
193383
211535
320636
291659
xxxOld
xxxJanx
xxxSpirit
xxxEach
211535
320688
333490
67409
367741
320903
65129
320842
365764
212644
320688
38799
12287
22997
324859
324150
159424
12287
244929
300096
156343
320688
125960
211535
141668
213658
365274
367741
320903
134390
324859
93119
159424
xxxThe
38799
367741
320903
29347
265044
xxxThe
121666
367741
29347
238739
5829
xxxAnd
5829
xxxOnce
157723
302956
324859
175338
157723
367741
251013
163579
175348
29782
212715
211535
320688
95963
211535
xxxJanx
300096
158524
324859
81849
xxxtelepsychic
245001
xxxAs
297339
20839
1
246879
257942
131915
30355
67192
320688
112840
175344
367741
134390
324859
230668
1
117173
364726
362855
356046
210322
34414
xxxFord
xxxPrefect
356046
238739
324859
175338
xxxFord
302880
22374
xxxArthur
365274
30576
324859
321894
320636
230723
134574
85015
362461
324859
127161
324859
320688
xxxHorse
12287
xxxGroom
5617
8524
xxxBut
364443
757
185619
144380
134574
21305
238819
xxxFord
175064
3038
324859
xxxMr
xxxProsser
12287
310024
1
365446
322466
306614
139537
xxxHe
362489
324859
165629
157754
144380
92197
xxxYes
134574
362489
324859
42366
xxxAnd
134574
45966
314732
29782
157723
261391
172164
149313
119330
211535
320688
42525
xxxYes
12287
xxxI
176591
313358
363447
45966
63723
324859
297029
20173
276750
xxxFord
xxxExcuse
181664
134574
289006
xxxMr
xxxProsser
365274
362855
19592
366578
1
300668
116301
320688
42524
93204
757
364707
213904
208798
xxxArthur
xxxDent
67046
1
183495
134768
134518
12287
144540
194510
320831
288990
124419
223080
146980
134574
85015
175064
20106
xxxHe
362855
313553
12287
294074
7336
324859
112884
320636
xxxArthur
131915
64369
xxxYes
xxxHello
134574
45267
xxxHas
xxxMr
xxxDent
63723
324859
141668
285356
146952
xxxCan
363447
116301
320688
191630
45267
xxxFord
21935
320636
134574
134099
314732
xxxWell
289985
xxxMr
xxxProsser
xxxAnd
45966
363447
9418
21935
276750
xxxFord
320636
134574
275971
127453
324859
29347
302404
136991
8524
76258
xxxSo
xxxSo
8524
157754
183224
19299
127453
324859
29347
302688
20106
8524
76258
91031
208898
xxxCould
29347
70513
29347
xxxWell
146980
157723
261391
269401
324859
91031
320636
13380
157723
91365
314732
3300
197910
139537
324859
171801
136991
8524
320688
323743
90528
157723
xxxWhat
xxxYou
91365
314732
276750
xxxFord
227808
3300
197910
139537
136991
xxxMr
xxxProsser
322466
757
322214
xxxWell
200529
208798
20839
309933
134574
276750
208798
106394
197910
xxxProsser
362855
367636
xxxHe
322466
320636
212715
211535
320885
362947
314732
178120
1
175365
211535
285350
xxxFord
276750
xxxSo
146980
157723
367741
162503
172172
324859
315488
159424
20839
261551
320636
134574
275971
3300
136991
320903
134574
12287
xxxI
70513
294143
211539
92197
324859
320688
255882
116301
132585
11450
144367
xxxHow
90823
320636
297846
xxxMr
xxxProsser
322466
159424
297853
230621
244820
xxxThat
297877
230621
262023
134574
276750
149313
1
262107
325504
211535
360978
367038
365274
134574
362855
329909
324859
262101
xxxAnd
146980
157723
362461
324859
243193
211539
116301
1
258487
212715
157759
168843
212644
276750
xxxFord
363447
45966
9712
71478
354453
116301
157723
149313
270970
xxxThank
157723
358510
194510
276750
xxxMr
xxxProsser
365274
200529
174907
165520
144540
324859
238701
322214
22374
8524
320601
157723
358510
194510
146918
320636
275971
358510
164752
xxxHe
119491
320903
294877
320903
329691
324859
90528
38716
22374
212661
109251
129162
142390
211535
141668
120324
134163
12287
273950
159424
113533
274842
320688
325807
211535
141668
134575
xxxHe
70513
212848
21935
320636
134574
131915
162503
367024
xxxSo
67488
xxxFord
xxxPrefect
146980
157723
367741
162503
172172
324859
63723
218092
136991
12287
171801
92197
xxxWhat
276750
xxxMr
xxxProsser
xxxAh
xxxI
176591
297653
276750
xxxFord
230723
xxxI
xxxhadn
314732
177185
189193
119955
59646
xxxSomebody
275971
128258
324859
171801
149313
119330
211535
320688
42525
134397
314732
320831
xxxOr
321213
367024
314732
29347
13372
324859
305320
320885
93211
156343
xxxMr
xxxDent
275971
144380
365764
321213
xxxWhat
276750
xxxMr
xxxProsser
5829
xxxIt
275971
358510
291047
276750
xxxFord
185619
59909
xxxMr
xxxDent
276859
320636
134574
365764
305320
172164
136991
149313
320688
194647
212644
320688
296582
65615
320636
157723
63723
12287
315488
218092
119298
139537
xxxWhat
19299
157723
315655
757
276750
xxxArthur
43552
xxxFord
209405
139537
366578
141668
288678
324859
29347
258554
xxxYou
362461
181664
276750
xxxMr
xxxProsser
299105
216108
322214
199367
322466
324859
139642
324859
63723
12287
171801
321213
xxxYes
xxxIn
119330
211535
320688
42524
xxxYes
xxxInstead
211535
xxxMr
xxxDent
xxxYes
xxxIn
320688
194647
xxxIn
20839
157723
276740
159424
320688
194647
xxxAs
297339
20839
xxxMr
xxxProsser
261755
320636
134574
362855
309297
320688
175344
5617
8524
159424
362855
20839
146980
1
363892
171953
159591
211539
141668
288996
322214
362855
193383
172172
320688
367562
20839
134574
165520
159424
xxxHe
289985
xxxIn
270970
116301
364726
157723
365764
315488
xxxMr
xxxDent
366578
157723
92197
324859
320688
255882
xxxThat
275971
159424
276750
xxxFord
xxxThat
275971
159424
106394
xxxMr
xxxProsser
325686
1
111900
198769
303807
117747
12287
305351
xxxPromise
xxxPromise
276750
xxxFord
xxxHe
332809
324859
xxxArthur
xxxCome
212644
134574
276750
324859
139537
124419
354453
12287
170875
320688
178862
171801
92197
xxxArthur
305280
354453
110891
20839
146980
134574
362855
149313
1
92852
xxxFord
29832
324859
xxxProsser
365274
276521
25037
278641
92197
149313
320688
194647
xxxHe
111108
320636
141668
365281
171890
362855
297029
164752
211535
92852
12287
134574
297064
367031
365391
159424
362855
12287
364707
320831
364164
100605
159424
xxxThe
194647
115855
159591
274842
141668
38822
12287
141668
20022
12287
213145
156343
141668
288712
xxxFord
175064
22374
139537
286762
xxxAnd
200529
295395
165638
92197
xxxMr
xxxDent
275971
144380
364816
134574
275971
24925
9401
134574
276750
xxxThe
183741
322466
130422
xxxMr
xxxProsser
xxxhadn
314732
106079
30760
324859
298962
134574
67488
286692
139642
25707
757
320688
183757
243884
211535
73832
185619
187702
xxxHe
279146
320688
42524
93202
275971
344897
268505
17980
12287
170875
141668
134575
291815
25707
12287
60438
141668
96429
xxxHe
362855
329909
324859
180388
141668
19606
116301
254088
320636
134574
85015
208798
209199
67045
1
183495
134768
134518
139642
xxxHe
362855
109839
119298
51561
757
322214
141668
187702
283131
324859
29347
119933
211535
200791
144069
294987
12287
320688
303623
211535
36417
xxxThis
9712
133507
364633
134574
111108
189232
12287
257261
354852
12287
134574
131915
199350
30355
560
324859
107802
159424
324859
139642
xxxIn
1
139224
85830
211535
364726
363447
165702
208898
320688
187007
xxxKhan
31226
366578
259912
43552
xxxMr
xxxProsser
212848
328855
294074
12287
364830
xxxHe
30576
324859
111002
173876
250385
211535
363101
30819
320688
96410
xxxBureaucratic
61442
354981
12943
183224
172164
149313
320688
194647
150681
305767
133196
216108
151717
144994
12287
11450
344064
19925
211535
144053
169130
22374
139537
149313
141668
134575
364443
1
76258
xxxWhat
1
76258
xxxFord
xxxPrefect
165520
320636
159424
85094
314732
181309
1
223212
211535
86132
275971
164494
364707
xxxArthur
275971
144380
128258
165634
92197
213904
208798
209199
xxxArthur
267099
358510
367636
xxxBut
45966
363447
331665
139537
134574
276750
xxxMyself
xxxI
75937
331665
139537
324859
320688
99559
211535
320688
xxxEarth
276750
xxxFord
xxxOh
146918
276750
xxxArthur
12287
144540
109839
275971
320636
xxxAbout
333264
188065
24925
276750
xxxFord
63723
212644
xxxI
197910
1
93119
xxxChapter
xxx2
xxxHere
275971
364443
320688
xxxEncyclopedia
xxxGalactica
134060
324859
276740
757
7677
xxxIt
276859
320636
7677
158524
1
63427
361049
173297
117409
33135
320688
111381
211535
310228
12287
9418
208888
159590
156404
95948
212644
51561
47496
28499
171890
117488
xxxThe
xxxHitch
xxxHiker
275971
xxxGuide
324859
320688
xxxGalaxy
9418
183542
7677
xxxIt
276859
320636
320688
32551
93119
149313
107248
158524
320688
xxxPan
xxxGalactic
xxxGargle
xxxBlaster
xxxIt
276859
320636
320688
95948
211535
1
xxxPan
xxxGalactic
xxxGargle
xxxBlaster
158524
172172
134427
157754
39751
294754
216108
33135
1
293998
211535
170344
367831
274842
1
168493
127479
40584
xxxThe
xxxGuide
9418
318375
157723
212644
364726
238950
320688
32551
xxxPan
xxxGalactic
xxxGargle
xxxBlasters
19299
190698
144540
194510
157723
45966
107598
324859
223065
116301
212715
12287
364443
361238
214399
107244
324859
135801
157723
265916
5792
xxxThe
xxxGuide
106079
318375
157723
144540
157723
45966
190685
212715
157759
xxxTake
320688
162184
119298
212715
38799
211535
320636
xxxOl
xxxJanx
xxxSpirit
159424
276859
xxxPour
156343
159424
212715
181799
211535
363101
119298
320688
282567
211535
xxxSantraginus
xxxV
xxxOh
320636
xxxSantraginean
282385
363101
159424
276859
xxxOh
322462
xxxSantraginean
113316
xxxAllow
322605
74451
211535
xxxArcturan
xxxMega
125125
324859
183083
156343
320688
190808
159424
196148
29347
252598
145981
213904
320688
31785
158524
175361
xxxAllow
117964
173853
211535
xxxFallian
180386
122327
324859
41927
322837
159424
149313
183183
211535
8524
322462
133513
xxxHikers
365274
134390
85133
211535
239639
149313
320688
xxxMarshes
211535
xxxFallia
xxxOver
320688
25707
211535
1
290616
300869
114796
1
181799
211535
xxxQualactin
xxxHypermint
108456
264358
211535
8524
320688
134620
211407
211535
320688
76943
xxxQualactin
xxxZones
309535
314273
12287
190258
xxxDrop
149313
320688
325743
211535
11450
xxxAlgolian
xxxSuntiger
xxxWatch
159424
89637
301225
320688
113202
211535
320688
xxxAlgolian
xxxSuns
78986
156343
320688
134817
211535
320688
93119
xxxSprinkle
xxxZamphuor
xxxAdd
11450
212287
xxxDrink
43552
358510
47930
xxxThe
xxxHitch
xxxHiker
275971
xxxGuide
324859
320688
xxxGalaxy
283592
261011
32832
320562
320688
xxxEncyclopedia
xxxGalactica
xxxSix
237274
211535
35236
276750
xxxFord
xxxPrefect
324859
320688
28105
211535
320688
xxxHorse
12287
xxxGroom
xxxAnd
258506
239622
320688
367562
275971
757
324859
99559
xxxThe
28105
211535
320688
xxxHorse
12287
xxxGroom
85094
314732
82520
322214
297676
211535
328731
134574
362855
1
85508
212002
178862
xxxHe
257188
141668
125968
354453
141668
208675
12287
36253
22374
xxxFord
xxxPrefect
xxxFord
147088
139537
12287
302880
216108
211535
320688
365997
295959
320688
28105
175064
153876
22374
xxxArthur
365274
289299
135813
12287
276750
208898
xxxSo
320688
28105
276750
xxxOh
146918
292308
xxxNice
363587
116301
159424
12287
302956
256271
237274
xxxHe
329691
5829
xxxGoing
324859
363045
320688
181035
322214
5725
320903
xxxFord
125901
274842
22374
139537
xxxNo
200529
241315
134574
276750
12287
175064
25707
216108
211535
320688
365997
xxxWhat
275971
320636
116682
65376
320903
157723
262942
292308
276750
320688
28105
xxxArsenal
366661
1
52386
xxxNo
200529
276750
xxxFord
159424
275971
162503
320636
320688
367562
275971
757
324859
99559
xxxOh
146918
292308
295959
157723
276750
276750
320688
28105
175069
218092
141668
125968
322214
323743
22374
xxxArthur
xxxLucky
104129
116301
xxxArsenal
146980
159424
85015
xxxFord
175064
25707
22374
139537
123779
313553
xxxNo
208798
261766
134574
276750
xxxHe
119491
xxxThe
28105
40328
149313
135026
xxxThere
157723
19299
292308
292708
237274
134574
276750
xxxArthur
294877
22374
139537
362439
12287
289299
5829
xxxHe
332809
12287
294877
362439
22374
320688
269833
211535
320688
255882
162503
149313
48785
13088
211535
320885
131915
134796
364443
362855
127453
212644
xxxNone
211535
320885
131915
12287
203318
211535
320885
70513
339884
364443
134574
362855
294892
22374
320885
116301
xxxA
178862
292657
199504
324859
xxxFord
22374
320688
27660
175064
22374
320688
333490
183224
175064
22374
320688
292708
237274
85015
1
314392
43334
211535
183495
19804
20279
22374
11450
13964
134574
172176
12287
129948
1
306949
143676
129922
22374
320885
xxxGet
211539
276750
xxxFord
xxxThey
261391
216092
125708
139537
1
175060
320636
367741
134390
11450
xxxAlgolian
xxxSuntiger
124419
212644
366578
364443
159424
362855
91031
xxxFord
293683
1
113575
244909
208861
212644
320688
27660
xxxHe
276750
xxxKeep
320688
52472
xxxWhat
119298
1
113583
xxxThank
157723
292308
xxxYou
xxxve
128258
318665
188065
169983
324859
299144
159424
xxxThe
28105
291075
78312
324859
362189
24925
116301
1
35158
xxxFord
276750
xxxArthur
367741
157723
239622
318353
181664
364443
320688
135648
158524
127453
212644
xxxDrink
354453
276750
xxxFord
157723
xxxve
128258
322605
237274
324859
124419
322837
xxxThree
237274
276750
xxxArthur
xxxAt
176197
xxxThe
178862
199504
324859
116452
129948
12287
200680
133518
xxxFord
147088
139537
xxxHe
276750
xxxTime
158524
11450
147503
xxxLunchtime
91988
295959
xxxVery
78986
276750
xxxArthur
157723
288990
285228
320636
149313
324859
320688
xxxReader
275971
xxxDigest
xxxThey
xxxve
128258
1
222990
116301
230162
172172
157723
xxxDrink
354453
xxxWhy
322605
237274
8524
211535
1
310023
xxxMuscle
266784
157723
174043
197910
159424
xxxMuscle
266784
xxxMuscle
266784
xxxArthur
302880
156343
141668
30365
xxxDid
xxxI
90528
13372
368087
325000
134574
276750
213904
134060
320688
367562
9712
30355
172172
322214
12287
xxxI
xxxve
30355
325682
367831
354453
149313
189193
324859
208919
xxxAlright
276750
xxxFord
xxxI
174043
329061
324859
107802
xxxHow
174883
134390
363447
165730
94673
215836
xxxHow
174883
xxxArthur
322466
xxxEr
757
113575
146735
177755
292708
134574
276750
xxxMost
211535
159424
283131
324859
178090
297029
285350
22374
320688
323743
xxxAlright
276750
xxxFord
xxxHow
367741
157723
261513
146980
xxxI
276750
320636
xxxI
176591
208798
119298
xxxGuildford
5617
8524
43552
119298
1
294676
238917
297074
149313
320688
359408
211535
xxxBetelgeuse
xxxArthur
289299
149313
1
295959
295959
297676
211535
361942
xxxI
91365
314732
165702
134574
276750
315515
1
256246
211535
30365
xxxWhy
90528
157723
321894
159424
275971
320688
297676
211535
321866
157723
261391
172179
324859
276740
xxxFord
122900
354453
xxxIt
261766
362947
314732
367700
38722
22374
320688
191630
364443
366578
320688
367562
30879
757
324859
99559
xxxHe
162503
276750
xxxDrink
354453
xxxHe
3512
230621
109098
xxxThe
367562
275971
757
324859
99559
xxxArthur
122900
320688
269833
211535
320688
255882
13901
362353
294874
xxxThe
269833
211535
320688
255882
119491
22374
139537
xxxA
178862
363335
22374
139537
324859
305320
294892
22374
320885
12287
187702
141668
222072
43483
xxxThis
196148
29347
xxxThursday
276750
xxxArthur
196031
324859
139642
291836
175601
218092
141668
30365
xxxI
199350
70513
124419
320688
133325
211535
xxxThursdays
xxxChapter
xxx3
xxxOn
322214
227038
xxxThursday
297061
362855
194409
258575
322837
320688
157677
179225
187145
759
320688
313381
211535
320688
238917
286743
xxxsomethings
149313
109031
286743
92402
144731
146793
56642
xxxslablike
xxxsomethings
144731
20839
211603
42373
290275
20839
34789
xxxThey
296025
366578
94887
28726
149313
97121
260132
119298
320688
302841
xxxSol
33544
320842
323743
130356
248762
xxxThe
238917
31516
320885
362855
9159
230621
210249
211535
320842
249336
364726
362855
162503
144540
320831
362464
159424
116301
320688
191630
xxxThe
144731
146793
xxxsomethings
364155
346952
22374
xxxGoonhilly
320831
227290
218092
xxxCape
xxxCanaveral
366661
1
36266
xxxWoomera
12287
xxxJodrell
xxxBank
175064
305646
322837
320885
364726
362855
1
238360
29782
159424
362855
106394
320688
297676
211535
321866
320831
75937
30355
175069
116301
8524
321591
146735
xxxThe
212848
238538
320831
265672
22374
8524
362855
212644
1
294676
35433
83540
45267
1
xxxSub
xxxEtha
xxxSens
xxxO
xxxMatic
364726
366173
24925
258575
324859
159591
xxxIt
198826
149313
320688
76974
153595
1
169704
278668
364726
xxxFord
xxxPrefect
367463
131802
274842
141668
197736
xxxThe
67388
211535
xxxFord
xxxPrefect
275971
278668
364164
259028
154898
149313
109031
12287
367741
134390
177185
13088
xxxEarth
234074
275971
96429
243193
216108
211535
141668
134575
364726
158524
364724
134574
9712
65081
320885
33135
163587
1
71264
211535
90839
94721
281883
116301
238832
134574
249871
134574
362855
23323
116301
306820
149313
320688
325807
xxxBesides
320688
xxxSub
xxxEtha
xxxSens
xxxO
xxxMatic
12287
320688
281883
134574
131915
11450
xxxElectronic
xxxThumb
1
288895
301775
35433
273734
295053
12287
181299
366578
1
71264
211535
114054
314576
12287
84305
22374
212715
99559
134574
9418
131915
1
83540
364726
175064
261011
172172
1
168519
97168
44963
xxxThis
131915
757
1
145120
324010
114054
249564
43760
12287
1
281701
757
117964
149822
301727
212644
364726
13088
212715
211535
1
187421
223008
70513
29347
310975
22374
1
191630
275971
208919
xxxIt
175064
153392
64696
12287
322214
362855
212715
211535
320688
262040
364724
320688
295930
239236
71478
159424
113547
156343
131915
320688
367452
xxxDon
314732
xxxPanic
250689
212644
159424
149313
168493
118952
170940
xxxThe
215836
262021
362855
320636
322214
83540
362855
149313
109031
320636
193889
267147
211535
8524
38116
106143
324859
63723
216108
211535
320688
129442
255941
69531
211535
xxxUrsa
xxxMinor
xxxThe
xxxHitch
xxxHiker
275971
xxxGuide
324859
320688
xxxGalaxy
xxxThe
262021
364724
159424
362855
255935
149313
320688
117338
211535
1
185884
307051
184273
97168
64756
158524
320636
146980
159424
364164
250689
149313
208534
38041
117338
11450
155988
141951
139389
367741
268870
286743
150332
168493
42373
324859
48503
159424
20106
149313
xxxBeneath
320636
149313
xxxFord
xxxPrefect
275971
278668
364164
1
111900
xxxbiros
1
208882
12287
1
168519
28916
326744
119298
xxxMarks
12287
xxxSpencer
xxxThe
xxxHitch
xxxHiker
275971
xxxGuide
324859
320688
xxxGalaxy
134060
1
111900
321882
324859
276740
212644
320688
308271
211535
326752
xxxA
326744
159424
276859
158524
757
320688
193889
180811
355963
321866
11450
155988
141951
139389
45966
134390
xxxPartly
159424
134060
129442
245079
356833
157723
45966
367826
159424
20106
157723
116301
362703
20839
157723
38965
3038
320688
62660
193090
211535
xxxJaglan
xxxBeta
157723
45966
171801
212644
159424
212644
320688
40802
179839
277748
29359
211535
xxxSantraginus
xxxV
152646
320688
134620
282385
357129
157723
45966
293885
338797
159424
31516
320688
302946
364726
288344
295959
264332
212644
320688
82497
367562
211535
xxxKakrafoon
355954
159424
324859
276772
1
187802
259886
92197
320688
294448
135015
273379
xxxMoth
364292
159424
116301
355954
149313
133091
324859
133091
63621
367826
159424
274842
157754
134575
324859
362548
211539
209232
120061
213904
324859
24849
320688
122968
211535
320688
xxxRavenous
xxxBugblatter
xxxBeast
211535
xxxTraal
1
xxxmindboggingly
306949
13155
159424
21941
320636
146980
157723
45966
314732
283054
159424
159424
45966
314732
283054
157723
76175
20839
1
43378
43552
358510
261270
157723
45966
363332
157754
326744
149313
98452
20839
1
89899
290085
12287
211535
71317
93006
157759
211539
366578
159424
146980
159424
304508
283145
324859
29347
59615
100831
xxxMore
148878
1
326744
134060
147922
255380
356833
xxxFor
297029
262021
146980
1
305627
305627
200943
141951
139389
87675
320636
1
141951
139389
134060
141668
326744
366578
139537
134574
365764
24195
21935
320636
134574
158524
9418
149313
243852
211535
1
325749
108932
113948
295976
323897
211535
34961
114046
64442
179725
26892
211535
306319
127033
301163
364292
363587
123028
298142
310314
104810
104810
xxxFurthermore
320688
305627
365764
320903
133518
170392
320688
141951
139389
13088
211535
321591
213904
1
92402
215836
159514
320636
320688
141951
139389
187002
1553
134390
175361
xxxWhat
320688
305627
365764
321894
158524
320636
13088
178862
365274
45966
141951
320688
170406
12287
40219
211535
320688
121176
274752
159424
294555
159424
306641
5832
319563
211213
365873
322837
12287
304508
165734
364650
141668
326744
158524
158524
59666
1
178862
324859
29347
262944
366578
xxxHence
1
235492
364726
134060
227290
156343
141951
139392
293639
20839
149313
xxxHey
157723
278604
320636
xxxhoopy
xxxFord
xxxPrefect
xxxThere
275971
1
xxxfrood
365274
261766
165734
364650
141668
326744
158524
xxxSass
165702
29347
24971
211535
182300
134390
286812
366578
xxxhoopy
261766
325092
131001
xxxfrood
261766
9907
325092
131001
xxxNestling
258575
212644
325807
211535
320688
326744
149313
xxxFord
xxxPrefect
275971
278668
320688
xxxSub
xxxEtha
xxxSens
xxxO
xxxMatic
30576
324859
366172
193383
258506
xxxMiles
759
320688
313381
211535
320688
238917
320688
144731
146793
xxxsomethings
30576
324859
109645
216108
